1
1.579531322
1.117189253
1.492039504
1.761043695
1.656781425
1.82556069
1.441447995
1.415275485
1.354806288
2.641755395
2.584996317
3.19618916
1.446281337
1.413537791
1.798066036
1.713470845
1.617781078
1.460337928
1.518527719
1.709343734
3.171553198
1.729171893
1.751484117
1.492259596
1.396193369
1.369175803
1.625823383
1.645380067
2.250652085
1.615841452
2.265754852
1.636396957
1.478545949
2.069258634
1.966467947
1.713866667
1.653420792
1.789675776
1.205698731
1.532260394
1.237876467
1.716651041
1.540744794
1.651552017
1.325411651
1.461600179
1.679365253
1.855547802
1.630608937
1.567578525
1.533986642
2.171185486
1.677947969
1.574070062
1.631893601
1.133231522
1.683836579
1.49652685
1.885508998
1.301209423
1.888554088
1.679099016
1.769939119
2.422526937
1.688738943
2.182054961
1.629855919
2.812805426
2.056054014
9.265382247
1.702867758
2.262559785
1.202041869
1.637090099
1.615626759
3.003066261
1.79629654
10
2.613425063