./labeled_images/00fdfe384dfbd57dc41f6a73d6801b62.jpg 453 173 4564 3218 1 
./labeled_images/0130b60d005b5525730fd39b69a6f8fc.jpg 445 61 567 161 1 
./labeled_images/013e68e2fd1cedf730dd056b79a94360.jpg 501 126 548 176 3 1 1 550 411 5 
./labeled_images/011dacb4bf642701f98cee670f8c9814.jpg 33 32 410 416 4 
./labeled_images/00eb4738e93023ea09a5029f0480a7f6.jpg 113 122 303 286 1 169 176 266 264 2 
./labeled_images/00f76b75f1206d6f43580a2a47c3ac55.jpg 6 48 3592 3148 1 
./labeled_images/00fa71fc29c45b7b751775f7b4ba6352.jpg 308 131 508 291 1 
./labeled_images/00fc804e23af54d7be066e6f0ab796fd.jpg 1 1 236 122 5 1 131 235 252 5 1 258 235 379 5 238 1 474 123 5 233 138 466 260 5 232 277 489 378 5 
./labeled_images/01463fe0247914ad178dd09b51a6762b.jpg 1 1 552 276 5 18 16 71 73 3 
./labeled_images/01470289528a7fd27689701677e6b78f.jpg 43 8 195 173 3 
./labeled_images/014a43fbc164da14bf6dcf9df43cc69c.jpg 146 98 1345 1113 1 
./labeled_images/014c6df130d7e555ec50573230b5483c.jpg 385 1 652 104 2 756 1 972 132 2 763 289 984 407 2 
./labeled_images/014c97d988d835b02158c74740e4fb16.jpg 102 49 1171 934 1 1120 764 1250 887 1 
./labeled_images/0157283db571af5f8f44c4a3e27201da.jpg 16 40 164 196 4 185 29 363 190 4 379 21 557 212 4 275 214 525 441 4 33 226 256 428 4 37 44 75 82 2 202 39 242 67 2 
./labeled_images/01762945494f9e8b8216c94633399e34.jpg 123 27 974 871 4 